BONDS

1  1  2  1
2  2  3  2
3  2  4  3
4  1  5  2
5  1  6  2
6  1  7  3
7  3  8  3
8  4  9  8
9  4  10  8
10  4  11  9
11  5  12  9
12  4  13  10
13  5  14  10
14  4  15  11
15  5  16  11
16  5  17  13
17  5  18  15
18  2  19  4
19  2  20  19
20  1  21  4
21  1  22  4
22  1  23  19
23  3  24  19
24  4  25  24
25  4  26  24
26  4  27  25
27  5  28  25
28  4  29  26
29  5  30  26
30  4  31  27
31  5  32  27
32  5  33  29
33  5  34  31
34  2  35  20
35  2  36  35
36  1  37  20
37  1  38  20
38  1  39  35
39  3  40  35
40  4  41  40
41  4  42  40
42  4  43  41
43  5  44  41
44  4  45  42
45  5  46  42
46  4  47  43
47  5  48  43
48  5  49  45
49  5  50  47
50  2  51  36
51  2  52  51
52  1  53  36
53  1  54  36
54  1  55  51
55  3  56  51
56  4  57  56
57  4  58  56
58  4  59  57
59  5  60  57
60  4  61  58
61  5  62  58
62  4  63  59
63  5  64  59
64  5  65  61
65  5  66  63
66  2  67  52
67  2  68  67
68  1  69  52
69  1  70  52
70  1  71  67
71  3  72  67
72  4  73  72
73  4  74  72
74  4  75  73
75  5  76  73
76  4  77  74
77  5  78  74
78  4  79  75
79  5  80  75
80  5  81  77
81  5  82  79
82  2  83  68
83  2  84  83
84  1  85  68
85  1  86  68
86  1  87  83
87  3  88  83
88  4  89  88
89  4  90  88
90  4  91  89
91  5  92  89
92  4  93  90
93  5  94  90
94  4  95  91
95  5  96  91
96  5  97  93
97  5  98  95
98  2  99  84
99  2  100  99
100  1  101  84
101  1  102  84
102  1  103  99
103  3  104  99
104  4  105  104
105  4  106  104
106  4  107  105
107  5  108  105
108  4  109  106
109  5  110  106
110  4  111  107
111  5  112  107
112  5  113  109
113  5  114  111
114  2  115  100
115  2  116  115
116  1  117  100
117  1  118  100
118  1  119  115
119  3  120  115
120  4  121  120
121  4  122  120
122  4  123  121
123  5  124  121
124  4  125  122
125  5  126  122
126  4  127  123
127  5  128  123
128  5  129  125
129  5  130  127
130  2  131  116
131  2  132  131
132  1  133  116
133  1  134  116
134  1  135  131
135  3  136  131
136  4  137  136
137  4  138  136
138  4  139  137
139  5  140  137
140  4  141  138
141  5  142  138
142  4  143  139
143  5  144  139
144  5  145  141
145  5  146  143
146  2  147  132
147  2  148  147
148  1  149  132
149  1  150  132
150  1  151  147
151  3  152  147
152  4  153  152
153  4  154  152
154  4  155  153
155  5  156  153
156  4  157  154
157  5  158  154
158  4  159  155
159  5  160  155
160  5  161  157
161  5  162  159
162  2  163  148
163  2  164  163
164  1  165  148
165  1  166  148
166  1  167  163
167  3  168  163
168  4  169  168
169  4  170  168
170  4  171  169
171  5  172  169
172  4  173  170
173  5  174  170
174  4  175  171
175  5  176  171
176  5  177  173
177  5  178  175
178  2  179  164
179  2  180  179
180  1  181  164
181  1  182  164
182  1  183  179
183  3  184  179
184  4  185  184
185  4  186  184
186  4  187  185
187  5  188  185
188  4  189  186
189  5  190  186
190  4  191  187
191  5  192  187
192  5  193  189
193  5  194  191
194  2  195  180
195  2  196  195
196  1  197  180
197  1  198  180
198  1  199  195
199  3  200  195
200  4  201  200
201  4  202  200
202  4  203  201
203  5  204  201
204  4  205  202
205  5  206  202
206  4  207  203
207  5  208  203
208  5  209  205
209  5  210  207
210  2  211  196
211  2  212  211
212  1  213  196
213  1  214  196
214  1  215  211
215  3  216  211
216  4  217  216
217  4  218  216
218  4  219  217
219  5  220  217
220  4  221  218
221  5  222  218
222  4  223  219
223  5  224  219
224  5  225  221
225  5  226  223
226  2  227  212
227  2  228  227
228  1  229  212
229  1  230  212
230  1  231  227
231  3  232  227
232  4  233  232
233  4  234  232
234  4  235  233
235  5  236  233
236  4  237  234
237  5  238  234
238  4  239  235
239  5  240  235
240  5  241  237
241  5  242  239
242  2  243  228
243  2  244  243
244  1  245  228
245  1  246  228
246  1  247  243
247  3  248  243
248  4  249  248
249  4  250  248
250  4  251  249
251  5  252  249
252  4  253  250
253  5  254  250
254  4  255  251
255  5  256  251
256  5  257  253
257  5  258  255
258  2  259  244
259  2  260  259
260  1  261  244
261  1  262  244
262  1  263  259
263  3  264  259
264  4  265  264
265  4  266  264
266  4  267  265
267  5  268  265
268  4  269  266
269  5  270  266
270  4  271  267
271  5  272  267
272  5  273  269
273  5  274  271
274  2  275  260
275  2  276  275
276  1  277  260
277  1  278  260
278  1  279  275
279  3  280  275
280  4  281  280
281  4  282  280
282  4  283  281
283  5  284  281
284  4  285  282
285  5  286  282
286  4  287  283
287  5  288  283
288  5  289  285
289  5  290  287
290  2  291  276
291  2  292  291
292  1  293  276
293  1  294  276
294  1  295  291
295  3  296  291
296  4  297  296
297  4  298  296
298  4  299  297
299  5  300  297
300  4  301  298
301  5  302  298
302  4  303  299
303  5  304  299
304  5  305  301
305  5  306  303
306  2  307  292
307  2  308  307
308  1  309  292
309  1  310  292
310  1  311  307
311  3  312  307
312  4  313  312
313  4  314  312
314  4  315  313
315  5  316  313
316  4  317  314
317  5  318  314
318  4  319  315
319  5  320  315
320  5  321  317
321  5  322  319
322  2  323  308
323  2  324  323
324  1  325  308
325  1  326  308
326  1  327  323
327  3  328  323
328  4  329  328
329  4  330  328
330  4  331  329
331  5  332  329
332  4  333  330
333  5  334  330
334  4  335  331
335  5  336  331
336  5  337  333
337  5  338  335
338  2  339  324
339  2  340  339
340  1  341  324
341  1  342  324
342  1  343  339
343  3  344  339
344  4  345  344
345  4  346  344
346  4  347  345
347  5  348  345
348  4  349  346
349  5  350  346
350  4  351  347
351  5  352  347
352  5  353  349
353  5  354  351
354  2  355  340
355  2  356  355
356  1  357  340
357  1  358  340
358  1  359  355
359  3  360  355
360  4  361  360
361  4  362  360
362  4  363  361
363  5  364  361
364  4  365  362
365  5  366  362
366  4  367  363
367  5  368  363
368  5  369  365
369  5  370  367
370  2  371  356
371  2  372  371
372  1  373  356
373  1  374  356
374  1  375  371
375  3  376  371
376  4  377  376
377  4  378  376
378  4  379  377
379  5  380  377
380  4  381  378
381  5  382  378
382  4  383  379
383  5  384  379
384  5  385  381
385  5  386  383
386  2  387  372
387  2  388  387
388  1  389  372
389  1  390  372
390  1  391  387
391  3  392  387
392  4  393  392
393  4  394  392
394  4  395  393
395  5  396  393
396  4  397  394
397  5  398  394
398  4  399  395
399  5  400  395
400  5  401  397
401  5  402  399
402  2  403  388
403  2  404  403
404  1  405  388
405  1  406  388
406  1  407  403
407  3  408  403
408  4  409  408
409  4  410  408
410  4  411  409
411  5  412  409
412  4  413  410
413  5  414  410
414  4  415  411
415  5  416  411
416  5  417  413
417  5  418  415
418  2  419  404
419  2  420  419
420  1  421  404
421  1  422  404
422  1  423  419
423  3  424  419
424  4  425  424
425  4  426  424
426  4  427  425
427  5  428  425
428  4  429  426
429  5  430  426
430  4  431  427
431  5  432  427
432  5  433  429
433  5  434  431
434  2  435  420
435  2  436  435
436  1  437  420
437  1  438  420
438  1  439  435
439  3  440  435
440  4  441  440
441  4  442  440
442  4  443  441
443  5  444  441
444  4  445  442
445  5  446  442
446  4  447  443
447  5  448  443
448  5  449  445
449  5  450  447
450  2  451  436
451  2  452  451
452  1  453  436
453  1  454  436
454  1  455  451
455  3  456  451
456  4  457  456
457  4  458  456
458  4  459  457
459  5  460  457
460  4  461  458
461  5  462  458
462  4  463  459
463  5  464  459
464  5  465  461
465  5  466  463
466  2  467  452
467  2  468  467
468  1  469  452
469  1  470  452
470  1  471  467
471  3  472  467
472  4  473  472
473  4  474  472
474  4  475  473
475  5  476  473
476  4  477  474
477  5  478  474
478  4  479  475
479  5  480  475
480  5  481  477
481  5  482  479
482  2  483  468
483  2  484  483
484  1  485  468
485  1  486  468
486  1  487  483
487  3  488  483
488  4  489  488
489  4  490  488
490  4  491  489
491  5  492  489
492  4  493  490
493  5  494  490
494  4  495  491
495  5  496  491
496  5  497  493
497  5  498  495
498  2  499  484
499  2  500  499
500  1  501  484
501  1  502  484
502  1  503  499
503  3  504  499
504  4  505  504
505  4  506  504
506  4  507  505
507  5  508  505
508  4  509  506
509  5  510  506
510  4  511  507
511  5  512  507
512  5  513  509
513  5  514  511
514  2  515  500
515  2  516  515
516  1  517  500
517  1  518  500
518  1  519  515
519  3  520  515
520  4  521  520
521  4  522  520
522  4  523  521
523  5  524  521
524  4  525  522
525  5  526  522
526  4  527  523
527  5  528  523
528  5  529  525
529  5  530  527
530  2  531  516
531  2  532  531
532  1  533  516
533  1  534  516
534  1  535  531
535  3  536  531
536  4  537  536
537  4  538  536
538  4  539  537
539  5  540  537
540  4  541  538
541  5  542  538
542  4  543  539
543  5  544  539
544  5  545  541
545  5  546  543
546  2  547  532
547  2  548  547
548  1  549  532
549  1  550  532
550  1  551  547
551  3  552  547
552  4  553  552
553  4  554  552
554  4  555  553
555  5  556  553
556  4  557  554
557  5  558  554
558  4  559  555
559  5  560  555
560  5  561  557
561  5  562  559
562  2  563  548
563  2  564  563
564  1  565  548
565  1  566  548
566  1  567  563
567  3  568  563
568  4  569  568
569  4  570  568
570  4  571  569
571  5  572  569
572  4  573  570
573  5  574  570
574  4  575  571
575  5  576  571
576  5  577  573
577  5  578  575
578  2  579  564
579  2  580  579
580  1  581  564
581  1  582  564
582  1  583  579
583  3  584  579
584  4  585  584
585  4  586  584
586  4  587  585
587  5  588  585
588  4  589  586
589  5  590  586
590  4  591  587
591  5  592  587
592  5  593  589
593  5  594  591
594  2  595  580
595  2  596  595
596  1  597  580
597  1  598  580
598  1  599  595
599  3  600  595
600  4  601  600
601  4  602  600
602  4  603  601
603  5  604  601
604  4  605  602
605  5  606  602
606  4  607  603
607  5  608  603
608  5  609  605
609  5  610  607
610  2  611  596
611  2  612  611
612  1  613  596
613  1  614  596
614  1  615  611
615  3  616  611
616  4  617  616
617  4  618  616
618  4  619  617
619  5  620  617
620  4  621  618
621  5  622  618
622  4  623  619
623  5  624  619
624  5  625  621
625  5  626  623
626  2  627  612
627  1  628  627
628  1  629  612
629  1  630  612
630  1  631  627
631  3  632  627
632  4  633  632
633  4  634  632
634  4  635  633
635  5  636  633
636  4  637  634
637  5  638  634
638  4  639  635
639  5  640  635
640  5  641  637
641  5  642  639
642  4  639  637
643  4  623  621
644  4  607  605
645  4  591  589
646  4  575  573
647  4  559  557
648  4  543  541
649  4  527  525
650  4  511  509
651  4  495  493
652  4  479  477
653  4  463  461
654  4  447  445
655  4  431  429
656  4  415  413
657  4  399  397
658  4  383  381
659  4  367  365
660  4  351  349
661  4  335  333
662  4  319  317
663  4  303  301
664  4  287  285
665  4  271  269
666  4  255  253
667  4  239  237
668  4  223  221
669  4  207  205
670  4  191  189
671  4  175  173
672  4  159  157
673  4  143  141
674  4  127  125
675  4  111  109
676  4  95  93
677  4  79  77
678  4  63  61
679  4  47  45
680  4  31  29
681  4  15  13
